ID       Name                 Case   Lab 01 Lab 02 Lab 03 Lab 04 Lab 05 Final  Overall Rank
20000001 Matthew              93.33  100.00 100.00 100.00 100.00 95.00  84.50  93.52   1
20000002 Sing                 86.67  100.00 100.00 100.00 100.00 95.00  78.00  90.23   2
20000003 Kenneth              78.67  100.00 100.00 100.00 100.00 100.00 77.50  88.98   3
20000004 Weber                69.33  100.00 100.00 100.00 100.00 100.00 81.50  88.32   4
20000005 Charles              64.00  100.00 100.00 100.00 100.00 100.00 82.50  87.55   6
20000006 Fun                  85.33  100.00 95.00  100.00 100.00 100.00 70.50  87.72   5
20000007 Tany                 78.67  100.00 95.00  100.00 100.00 100.00 70.50  86.38   7
20000008 Aaron                76.00  100.00 0.00   100.00 100.00 100.00 78.00  78.60   10
20000009 Ellen                69.33  100.00 100.00 100.00 100.00 100.00 70.00  84.87   8
20000010 Bennalt              62.67  100.00 95.00  100.00 100.00 100.00 72.50  83.78   9
20000011 Andy                 62.67  100.00 100.00 100.00 0.00   100.00 78.50  76.08   11
20000012 Samuel               64.00  100.00 60.00  60.00  100.00 100.00 66.00  74.60   12
20000013 Tammy                0.00   100.00 95.00  100.00 100.00 100.00 69.00  70.20   13
                     Average: 68.51  100.00 87.69  96.92  92.31  99.23  75.31  83.91
